0 
0 
0 
0 
0 
0 
0 
0 
0 
0 
0 
0 
0 
0 
0 
0 
0 
0 
0 
0 
0 
0 
0 
0 
0 
0 
0 
0 
0 
0 
0 
0 
0 
0 
0 
0 
0 
0 
0 
0 
0 
0 
0 
0 
0 
0 
0 
0 
0 
0 
0 
0 
0 
0 
0 
0 
0 
0 
0 
0 
0 
0 
0 
0 
0 
0 
0 
0 
0 
0 
0 
0 
0 
0 
0 
0 
0 
0 
0 
0 
0 
0 
0 
0 
0 
0 
0 
0 
0 
0 
0 
0 
0 
0 
0 
0 
0 
0 
0 
0 
0 
0 
0 
0 
0 
0 
0 
0 
0 
0 
0 
0 
0 
0 
0 
0 
0 
0 
0 
0 
0 
0 
0 
0 
0 
0 
0 
0 
0 
0 
0 
0 
0 
0 
0 
0 
0 
0 
0 
0 
0 
0 
0 
0 
0 
0 
0 
0 
0 
0 
0 
0 
0 
0 
0 
0 
0 
0 
0 
0 
0 
0 
0 
0 
0 
0 
0 
0 
0 
0 
0 
0 
0 
0 
0 
0 
0 
0 
0 
0 
0 
0 
0 
0 
0 
0 
0 
0 
0 
0 
0 
0 
0 
0 
0 
0 
0 
0 
0 
0 
0 
0 
0 
0 
0 
0 
0 
0 
0 
0 
0 
0 
0 
0 
0 
0 
0 
0 
0 
0 
0 
0 
0 
0 
0 
0 
0 
0 
0 
0 
0 
0 
0 
0 
0 
0 
0 
0 
0 
0 
0 
0 
0 
0 
0 
0 
0 
0 
0 
0 
0 
0 
0 
2 
3 
0 
0 
0 
0 
0 
0 
0 
0 
0 
0 
0 
0 
0 
0 
0 
0 
0 
0 
0 
0 
0 
0 
0 
0 
0 
0 
0 
0 
0 
0 
0 
0 
0 
0 
0 
0 
0 
0 
0 
0 
0 
0 
0 
0 
0 
0 
0 
0 
0 
0 
0 
0 
0 
0 
0 
0 
0 
0 
0 
0 
0 
0 
0 
0 
0 
0 
0 
0 
0 
0 
0 
0 
0 
0 
0 
0 
0 
0 
0 
0 
0 
0 
0 
0 
0 
0 
0 
0 
0 
0 
0 
0 
0 
0 
0 
0 
0 
0 
0 
0 
0 
0 
0 
0 
0 
0 
0 
0 
0 
0 
0 
0 
0 
0 
0 
0 
0 
0 
0 
0 
0 
0 
0 
0 
0 
0 
0 
0 
0 
0 
0 
0 
0 
0 
0 
0 
0 
0 
0 
0 
0 
0 
0 
0 
0 
0 
0 
0 
0 
0 
0 
0 
0 
0 
0 
0 
0 
0 
0 
0 
0 
0 
0 
0 
0 
0 
0 
0 
0 
0 
0 
0 
0 
0 
0 
0 
0 
0 
0 
0 
0 
0 
0 
0 
0 
0 
0 
0 
0 
0 
0 
0 
0 
0 
0 
0 
0 
0 
0 
0 
0 
0 
0 
0 
0 
0 
0 
0 
0 
0 
0 
0 
0 
0 
0 
0 
0 
0 
0 
0 
0 
0 
0 
0 
0 
0 
0 
0 
0 
0 
0 
0 
0 
0 
0 
0 
0 
0 
0 
0 
0 
0 
0 
0 
0 
0 
0 
0 
0 
0 
0 
0 
27064244 
-129339346 
-16069697 
-37338322 
56906426 
-9211744 
65475581 
131163588 
74467223 
124531125 
3379972 
-101119888 
-57093824 
80847432 
-17486964 
33406579 
-102593084 
-121037055 
-65914520 
7775100 
-51953958 
30364804 
45474966 
62013837 
-68313552 
-47428938 
115129327 
95833992 
69175647 
41140784 
-36563990 
-82226684 
-78156395 
-119856723 
-92289928 
-96756900 
-11238164 
98737537 
13805593 
102379229 
16443299 
-125977501 
115005080 
-113335044 
-4099072 
94793299 
26550927 
101703475 
-66675535 
102299978 
26640618 
-1460017 
-110892890 
-29433140 
43755945 
-106974129 
66489994 
537905 
-86233013 
-35230574 
48342685 
-58606583 
-111166531 
-65118879 
-41648901 
86574058 
130029316 
69677187 
-119402619 
23639033 
16764490 
-96431583 
87666041 
-39052555 
-31605421 
41440673 
-96615834 
-56252601 
-7796768 
-43782561 
-71921324 
-16850419 
-5593537 
-58182559 
36091387 
-76181615 
52713865 
124936222 
100952551 
-70976172 
30637852 
71179447 
-103845349 
38548204 
-123524803 
-1561939 
55158549 
-126319994 
-4125995 
-89261904 
60941306 
-109153920 
-62035343 
-24704434 
62216445 
115704137 
92997654 
-88081429 
36960897 
42154135 
83388344 
6396140 
125747882 
52311821 
78664909 
76512731 
-124787625 
-19401875 
61752107 
96197289 
1090740 
78457230 
75721108 
-7824693 
23750774 
15747286 
-12712135 
21754174 
13327272 
116303959 
-26335012 
37516902 
-8304482 
13000727 
-3226636 
-6120720 
-60162490 
45387598 
-64190254 
-3504967 
-120627087 
113543863 
24059079 
97153659 
-31328123 
-129839542 
-101366838 
87386920 
101592700 
-49410164 
102668877 
52706424 
-120462 
122863056 
-114572501 
-132504567 
-63729285 
-40635608 
-62873363 
117762082 
52701259 
-86930718 
49595245 
55207979 
-100856352 
77194736 
63372859 
-44240345 
18718602 
-2807320 
62009842 
132986342 
107845429 
81930286 
-71566584 
39691033 
25099538 
-132598318 
-28779103 
30306315 
-132253793 
124501695 
45625075 
-99446153 
-112350445 
-98939843 
75702592 
-50589750 
-126846846 
-565919 
-116164929 
-52900578 
-41785638 
-64072650 
94019370 
-95976095 
-41585866 
72261479 
96690931 
-23771499 
-95639006 
-13275617 
-53436339 
80484734 
60667436 
119736489 
-49438920 
-112201960 
-19277853 
-1293785 
-1382023 
126223049 
-14611682 
39897499 
5504270 
-99961134 
90727628 
-122567374 
-16169584 
-105526396 
-29087958 
-60360714 
-64935597 
85973253 
-35580047 
80336306 
-18038655 
-112050154 
116214888 
87259325 
104582981 
10799748 
49010120 
-115324089 
120461999 
64624740 
58155961 
53757442 
-52405226 
-37910009 
112247832 
-15055708 
93334777 
-59197640 
-112945461 
101177769 
-43837830 
72912314 
29416883 
-48549787 
67504196 
-133646660 
68474889 
0 
0 
0 
0 
0 
0 
0 
0 
0 
0 
0 
0 
0 
0 
0 
0 
0 
0 
0 
0 
0 
0 
0 
0 
0 
0 
0 
0 
0 
0 
0 
0 
0 
0 
0 
0 
0 
0 
0 
0 
0 
0 
0 
0 
0 
0 
0 
0 
0 
0 
0 
0 
0 
0 
0 
0 
0 
0 
0 
0 
0 
0 
0 
0 
0 
0 
0 
0 
0 
0 
0 
0 
0 
0 
0 
0 
0 
0 
0 
0 
0 
0 
0 
0 
0 
0 
0 
0 
0 
0 
0 
0 
0 
0 
0 
0 
0 
0 
0 
0 
0 
0 
0 
0 
0 
0 
0 
0 
0 
0 
0 
0 
0 
0 
0 
0 
0 
0 
0 
0 
0 
0 
0 
0 
0 
0 
0 
0 
0 
0 
0 
0 
0 
0 
0 
0 
0 
0 
0 
0 
0 
0 
0 
0 
0 
0 
0 
0 
0 
0 
0 
0 
0 
0 
0 
0 
0 
0 
0 
0 
0 
0 
0 
0 
0 
0 
0 
0 
0 
0 
0 
0 
0 
0 
0 
0 
0 
0 
0 
0 
0 
0 
0 
0 
0 
0 
0 
0 
0 
0 
0 
0 
0 
0 
0 
0 
0 
0 
0 
0 
0 
0 
0 
0 
0 
0 
0 
0 
0 
0 
0 
0 
0 
0 
0 
0 
0 
0 
0 
0 
0 
0 
0 
0 
0 
0 
0 
0 
0 
0 
0 
0 
0 
0 
0 
0 
0 
0 
0 
0 
0 
0 
0 
0 
0 
0 
0 
0 
0 
0 
0 
0 
0 
