-3
-4
-5
-6
-7
-7
-6
-5
-3
-1
2
7
12
18
25
32
39
45
50
54
55
54
50
43
32
17
0
-21
-45
-70
-97
-124
-149
-172
-191
-203
-209
-206
-194
-171
-138
-94
-40
21
91
166
244
321
395
460
515
554
576
575
552
502
427
326
200
53
-112
-290
-475
-661
-839
-1002
-1141
-1249
-1317
-1340
-1311
-1228
-1088
-891
-641
-341
0
373
767
1168
1560
1928
2254
2522
2717
2823
2829
2725
2506
2168
1713
1150
488
-256
-1062
-1905
-2758
-3588
-4363
-5048
-5608
-6010
-6220
-6212
-5960
-5445
-4655
-3582
-2227
-600
1283
3399
5716
8196
10795
13465
16154
18806
21367
23782
25997
27964
29639
30983
31966
32565
32767
32565
31966
30983
29639
27964
25997
23782
21367
18806
16154
13465
10795
8196
5716
3399
1283
-600
-2227
-3582
-4655
-5445
-5960
-6212
-6220
-6010
-5608
-5048
-4363
-3588
-2758
-1905
-1062
-256
488
1150
1713
2168
2506
2725
2829
2823
2717
2522
2254
1928
1560
1168
767
373
0
-341
-641
-891
-1088
-1228
-1311
-1340
-1317
-1249
-1141
-1002
-839
-661
-475
-290
-112
53
200
326
427
502
552
575
576
554
515
460
395
321
244
166
91
21
-40
-94
-138
-171
-194
-206
-209
-203
-191
-172
-149
-124
-97
-70
-45
-21
0
17
32
43
50
54
55
54
50
45
39
32
25
18
12
7
2
-1
-3
-5
-6
-7
-7
-6
-5
-4
-3
